4000,2000
[ 126430,  121280,  205578,  252684,  127772,    3038,  262469,  258777,
          89272,   19780,  204942,   23406,  199802,   29034,  261700,   37026,
          69653,  240811,  118817,  199176,   97407,  205745,  197323,  243521,
          90219,  173091,  161768,   58066,  176768,   46074,  104759,  153699,
          91984,  159929,  231020,  203570,  126571,  192806,   12223,  229719,
        6290112, 1487370, 3479496, 4270024, 1452629, 4757467, 4711566, 5237872,
        2936240, 3890659, 8008618, 2312491,  443758, 9145107, 8747367, 7422210,
        8438360, 4217678, 3614388, 8570898, 6723144, 5318401, 4850997, 7306644,
        3148030, 1635841, 7392052, 7895066, 2456747, 2163096, 8590925, 4872858,
        9293185, 7504493, 1542039, 6345990, 2535790, 5181569, 3501652, 2252772,
         185994, 9910965, 8790244,  342134,  809516, 6537741, 4925481, 6765336,
        8110043, 2551517, 1623816, 7828176, 8112784, 5938024, 6456423, 6871862,
        6982865, 8466052, 3998698,  554790, 9076012, 7323842, 8454570, 7285614,
        4989795, 2897528, 8683350, 6100701,   91278, 6496035, 3048666, 2138169,
         311580, 5965555, 8700712, 4721993, 5676004, 2947725, 7824981, 3607976,
        9941429, 8653865, 4662539, 7775177, 7174321, 8637037, 6824050, 7820085,
        1271967, 4026224, 5016360, 3214839,   16382, 6515450, 8294548, 7390516,
         259592, 5043729, 2225308, 3853644, 6734900, 9188382, 8123249,  179887,
        7290402, 4265065,  608496, 3604238, 7780614, 7550056,  181463, 9928843,
        1621609, 6498653, 1153251, 8135603, 9005053, 4334347, 8254452, 1857505,
        2229765,  535504, 7640662, 5238986, 2915656, 2915856, 2361664, 5125578]


[7392052, 1542039, 1635841, 3148030, 7306644, 4850997, 5318401, 8123249,
        8570898, 2163096, 4217678, 8438360, 6290112, 1487370, 3479496, 7290402,
        7895066, 2456747, 6723144,  179887, 8135603, 4265065,  608496, 3604238,
        7780614, 7550056, 4270024, 9928843,  259592, 6498653, 1153251,  809516,
        7828176, 6537741, 4925481, 6765336, 9293185, 2551517, 1623816, 9910965,
        3614388, 4872858, 1621609, 5043729, 2225308, 3853644, 6734900, 9188382,
        8790244, 2312491, 8008618, 3890659, 2936240, 8454570, 8590925, 7504493,
         342134, 6345990, 2535790, 5181569, 3501652, 2252772,  185994, 8112784,
        5938024, 7640662,  443758, 8747367, 7422210, 8110043, 7285614, 5237872,
        7323842, 9076012,  554790, 3998698, 8466052, 6982865, 6871862, 6456423,
         311580, 9145107, 8294548, 7390516, 7174321, 7775177, 4662539, 8653865,
        4989795, 3607976, 7824981, 2947725, 5676004, 8700712, 6515450, 4721993,
        2229765, 4757467, 1452629,  181463, 3214839, 5016360, 4026224, 1271967,
        7820085, 6824050, 8637037, 2361664, 9005053, 4334347, 8254452, 1857505,
        4711566,  535504,   16382, 5238986, 2915656, 2915856, 5965555, 5125578,
        9941429, 2897528, 8683350, 6100701,   91278, 6496035, 3048666, 2138169]